3.569291744694
-4.37002527566159
2.89936911397117
3.53273469832638
3.38722498644984
4.63290921443813
2.62245221882004
1.85157947443935
3.49103581687618
-1.73079249236219
3.32530231305689
-0.267465117789794
4.78142971972261
3.88176396749126
3.25306454289741
2.13582182803316
-1.5283031719477
-0.0595185341587801
-0.844822127888492
3.77805027978249
-4.67141388929523
2.77723277551511
-4.82266505365111
-4.22277053492008
1.15287018066976
-2.9593901822078
-3.44095743417682
0.331297178535603
1.74994676359535
4.62865086568447
2.44984809900615
-1.09445272018307
-0.987745207689485
-4.89944697501391
-4.3578292135032
2.84716292855839
-3.77330136192022
2.73881287456335
-3.16853645842599
3.82596750599566
1.27934778613838
2.36312998986255
1.31316230026499
-1.91785251732343
-1.97225817461735
-3.91165640566774
-3.20752579077119
-3.76733534835926
2.06877099714085
1.41935150704471
